c N=14 queens problem
p cnf 196 4214
1 2 3 4 5 6 7 8 9 10 11 12 13 14 0
-1 -2 0
-1 -3 0
-1 -4 0
-1 -5 0
-1 -6 0
-1 -7 0
-1 -8 0
-1 -9 0
-1 -10 0
-1 -11 0
-1 -12 0
-1 -13 0
-1 -14 0
-2 -3 0
-2 -4 0
-2 -5 0
-2 -6 0
-2 -7 0
-2 -8 0
-2 -9 0
-2 -10 0
-2 -11 0
-2 -12 0
-2 -13 0
-2 -14 0
-3 -4 0
-3 -5 0
-3 -6 0
-3 -7 0
-3 -8 0
-3 -9 0
-3 -10 0
-3 -11 0
-3 -12 0
-3 -13 0
-3 -14 0
-4 -5 0
-4 -6 0
-4 -7 0
-4 -8 0
-4 -9 0
-4 -10 0
-4 -11 0
-4 -12 0
-4 -13 0
-4 -14 0
-5 -6 0
-5 -7 0
-5 -8 0
-5 -9 0
-5 -10 0
-5 -11 0
-5 -12 0
-5 -13 0
-5 -14 0
-6 -7 0
-6 -8 0
-6 -9 0
-6 -10 0
-6 -11 0
-6 -12 0
-6 -13 0
-6 -14 0
-7 -8 0
-7 -9 0
-7 -10 0
-7 -11 0
-7 -12 0
-7 -13 0
-7 -14 0
-8 -9 0
-8 -10 0
-8 -11 0
-8 -12 0
-8 -13 0
-8 -14 0
-9 -10 0
-9 -11 0
-9 -12 0
-9 -13 0
-9 -14 0
-10 -11 0
-10 -12 0
-10 -13 0
-10 -14 0
-11 -12 0
-11 -13 0
-11 -14 0
-12 -13 0
-12 -14 0
-13 -14 0
15 16 17 18 19 20 21 22 23 24 25 26 27 28 0
-15 -16 0
-15 -17 0
-15 -18 0
-15 -19 0
-15 -20 0
-15 -21 0
-15 -22 0
-15 -23 0
-15 -24 0
-15 -25 0
-15 -26 0
-15 -27 0
-15 -28 0
-16 -17 0
-16 -18 0
-16 -19 0
-16 -20 0
-16 -21 0
-16 -22 0
-16 -23 0
-16 -24 0
-16 -25 0
-16 -26 0
-16 -27 0
-16 -28 0
-17 -18 0
-17 -19 0
-17 -20 0
-17 -21 0
-17 -22 0
-17 -23 0
-17 -24 0
-17 -25 0
-17 -26 0
-17 -27 0
-17 -28 0
-18 -19 0
-18 -20 0
-18 -21 0
-18 -22 0
-18 -23 0
-18 -24 0
-18 -25 0
-18 -26 0
-18 -27 0
-18 -28 0
-19 -20 0
-19 -21 0
-19 -22 0
-19 -23 0
-19 -24 0
-19 -25 0
-19 -26 0
-19 -27 0
-19 -28 0
-20 -21 0
-20 -22 0
-20 -23 0
-20 -24 0
-20 -25 0
-20 -26 0
-20 -27 0
-20 -28 0
-21 -22 0
-21 -23 0
-21 -24 0
-21 -25 0
-21 -26 0
-21 -27 0
-21 -28 0
-22 -23 0
-22 -24 0
-22 -25 0
-22 -26 0
-22 -27 0
-22 -28 0
-23 -24 0
-23 -25 0
-23 -26 0
-23 -27 0
-23 -28 0
-24 -25 0
-24 -26 0
-24 -27 0
-24 -28 0
-25 -26 0
-25 -27 0
-25 -28 0
-26 -27 0
-26 -28 0
-27 -28 0
29 30 31 32 33 34 35 36 37 38 39 40 41 42 0
-29 -30 0
-29 -31 0
-29 -32 0
-29 -33 0
-29 -34 0
-29 -35 0
-29 -36 0
-29 -37 0
-29 -38 0
-29 -39 0
-29 -40 0
-29 -41 0
-29 -42 0
-30 -31 0
-30 -32 0
-30 -33 0
-30 -34 0
-30 -35 0
-30 -36 0
-30 -37 0
-30 -38 0
-30 -39 0
-30 -40 0
-30 -41 0
-30 -42 0
-31 -32 0
-31 -33 0
-31 -34 0
-31 -35 0
-31 -36 0
-31 -37 0
-31 -38 0
-31 -39 0
-31 -40 0
-31 -41 0
-31 -42 0
-32 -33 0
-32 -34 0
-32 -35 0
-32 -36 0
-32 -37 0
-32 -38 0
-32 -39 0
-32 -40 0
-32 -41 0
-32 -42 0
-33 -34 0
-33 -35 0
-33 -36 0
-33 -37 0
-33 -38 0
-33 -39 0
-33 -40 0
-33 -41 0
-33 -42 0
-34 -35 0
-34 -36 0
-34 -37 0
-34 -38 0
-34 -39 0
-34 -40 0
-34 -41 0
-34 -42 0
-35 -36 0
-35 -37 0
-35 -38 0
-35 -39 0
-35 -40 0
-35 -41 0
-35 -42 0
-36 -37 0
-36 -38 0
-36 -39 0
-36 -40 0
-36 -41 0
-36 -42 0
-37 -38 0
-37 -39 0
-37 -40 0
-37 -41 0
-37 -42 0
-38 -39 0
-38 -40 0
-38 -41 0
-38 -42 0
-39 -40 0
-39 -41 0
-39 -42 0
-40 -41 0
-40 -42 0
-41 -42 0
43 44 45 46 47 48 49 50 51 52 53 54 55 56 0
-43 -44 0
-43 -45 0
-43 -46 0
-43 -47 0
-43 -48 0
-43 -49 0
-43 -50 0
-43 -51 0
-43 -52 0
-43 -53 0
-43 -54 0
-43 -55 0
-43 -56 0
-44 -45 0
-44 -46 0
-44 -47 0
-44 -48 0
-44 -49 0
-44 -50 0
-44 -51 0
-44 -52 0
-44 -53 0
-44 -54 0
-44 -55 0
-44 -56 0
-45 -46 0
-45 -47 0
-45 -48 0
-45 -49 0
-45 -50 0
-45 -51 0
-45 -52 0
-45 -53 0
-45 -54 0
-45 -55 0
-45 -56 0
-46 -47 0
-46 -48 0
-46 -49 0
-46 -50 0
-46 -51 0
-46 -52 0
-46 -53 0
-46 -54 0
-46 -55 0
-46 -56 0
-47 -48 0
-47 -49 0
-47 -50 0
-47 -51 0
-47 -52 0
-47 -53 0
-47 -54 0
-47 -55 0
-47 -56 0
-48 -49 0
-48 -50 0
-48 -51 0
-48 -52 0
-48 -53 0
-48 -54 0
-48 -55 0
-48 -56 0
-49 -50 0
-49 -51 0
-49 -52 0
-49 -53 0
-49 -54 0
-49 -55 0
-49 -56 0
-50 -51 0
-50 -52 0
-50 -53 0
-50 -54 0
-50 -55 0
-50 -56 0
-51 -52 0
-51 -53 0
-51 -54 0
-51 -55 0
-51 -56 0
-52 -53 0
-52 -54 0
-52 -55 0
-52 -56 0
-53 -54 0
-53 -55 0
-53 -56 0
-54 -55 0
-54 -56 0
-55 -56 0
57 58 59 60 61 62 63 64 65 66 67 68 69 70 0
-57 -58 0
-57 -59 0
-57 -60 0
-57 -61 0
-57 -62 0
-57 -63 0
-57 -64 0
-57 -65 0
-57 -66 0
-57 -67 0
-57 -68 0
-57 -69 0
-57 -70 0
-58 -59 0
-58 -60 0
-58 -61 0
-58 -62 0
-58 -63 0
-58 -64 0
-58 -65 0
-58 -66 0
-58 -67 0
-58 -68 0
-58 -69 0
-58 -70 0
-59 -60 0
-59 -61 0
-59 -62 0
-59 -63 0
-59 -64 0
-59 -65 0
-59 -66 0
-59 -67 0
-59 -68 0
-59 -69 0
-59 -70 0
-60 -61 0
-60 -62 0
-60 -63 0
-60 -64 0
-60 -65 0
-60 -66 0
-60 -67 0
-60 -68 0
-60 -69 0
-60 -70 0
-61 -62 0
-61 -63 0
-61 -64 0
-61 -65 0
-61 -66 0
-61 -67 0
-61 -68 0
-61 -69 0
-61 -70 0
-62 -63 0
-62 -64 0
-62 -65 0
-62 -66 0
-62 -67 0
-62 -68 0
-62 -69 0
-62 -70 0
-63 -64 0
-63 -65 0
-63 -66 0
-63 -67 0
-63 -68 0
-63 -69 0
-63 -70 0
-64 -65 0
-64 -66 0
-64 -67 0
-64 -68 0
-64 -69 0
-64 -70 0
-65 -66 0
-65 -67 0
-65 -68 0
-65 -69 0
-65 -70 0
-66 -67 0
-66 -68 0
-66 -69 0
-66 -70 0
-67 -68 0
-67 -69 0
-67 -70 0
-68 -69 0
-68 -70 0
-69 -70 0
71 72 73 74 75 76 77 78 79 80 81 82 83 84 0
-71 -72 0
-71 -73 0
-71 -74 0
-71 -75 0
-71 -76 0
-71 -77 0
-71 -78 0
-71 -79 0
-71 -80 0
-71 -81 0
-71 -82 0
-71 -83 0
-71 -84 0
-72 -73 0
-72 -74 0
-72 -75 0
-72 -76 0
-72 -77 0
-72 -78 0
-72 -79 0
-72 -80 0
-72 -81 0
-72 -82 0
-72 -83 0
-72 -84 0
-73 -74 0
-73 -75 0
-73 -76 0
-73 -77 0
-73 -78 0
-73 -79 0
-73 -80 0
-73 -81 0
-73 -82 0
-73 -83 0
-73 -84 0
-74 -75 0
-74 -76 0
-74 -77 0
-74 -78 0
-74 -79 0
-74 -80 0
-74 -81 0
-74 -82 0
-74 -83 0
-74 -84 0
-75 -76 0
-75 -77 0
-75 -78 0
-75 -79 0
-75 -80 0
-75 -81 0
-75 -82 0
-75 -83 0
-75 -84 0
-76 -77 0
-76 -78 0
-76 -79 0
-76 -80 0
-76 -81 0
-76 -82 0
-76 -83 0
-76 -84 0
-77 -78 0
-77 -79 0
-77 -80 0
-77 -81 0
-77 -82 0
-77 -83 0
-77 -84 0
-78 -79 0
-78 -80 0
-78 -81 0
-78 -82 0
-78 -83 0
-78 -84 0
-79 -80 0
-79 -81 0
-79 -82 0
-79 -83 0
-79 -84 0
-80 -81 0
-80 -82 0
-80 -83 0
-80 -84 0
-81 -82 0
-81 -83 0
-81 -84 0
-82 -83 0
-82 -84 0
-83 -84 0
85 86 87 88 89 90 91 92 93 94 95 96 97 98 0
-85 -86 0
-85 -87 0
-85 -88 0
-85 -89 0
-85 -90 0
-85 -91 0
-85 -92 0
-85 -93 0
-85 -94 0
-85 -95 0
-85 -96 0
-85 -97 0
-85 -98 0
-86 -87 0
-86 -88 0
-86 -89 0
-86 -90 0
-86 -91 0
-86 -92 0
-86 -93 0
-86 -94 0
-86 -95 0
-86 -96 0
-86 -97 0
-86 -98 0
-87 -88 0
-87 -89 0
-87 -90 0
-87 -91 0
-87 -92 0
-87 -93 0
-87 -94 0
-87 -95 0
-87 -96 0
-87 -97 0
-87 -98 0
-88 -89 0
-88 -90 0
-88 -91 0
-88 -92 0
-88 -93 0
-88 -94 0
-88 -95 0
-88 -96 0
-88 -97 0
-88 -98 0
-89 -90 0
-89 -91 0
-89 -92 0
-89 -93 0
-89 -94 0
-89 -95 0
-89 -96 0
-89 -97 0
-89 -98 0
-90 -91 0
-90 -92 0
-90 -93 0
-90 -94 0
-90 -95 0
-90 -96 0
-90 -97 0
-90 -98 0
-91 -92 0
-91 -93 0
-91 -94 0
-91 -95 0
-91 -96 0
-91 -97 0
-91 -98 0
-92 -93 0
-92 -94 0
-92 -95 0
-92 -96 0
-92 -97 0
-92 -98 0
-93 -94 0
-93 -95 0
-93 -96 0
-93 -97 0
-93 -98 0
-94 -95 0
-94 -96 0
-94 -97 0
-94 -98 0
-95 -96 0
-95 -97 0
-95 -98 0
-96 -97 0
-96 -98 0
-97 -98 0
99 100 101 102 103 104 105 106 107 108 109 110 111 112 0
-99 -100 0
-99 -101 0
-99 -102 0
-99 -103 0
-99 -104 0
-99 -105 0
-99 -106 0
-99 -107 0
-99 -108 0
-99 -109 0
-99 -110 0
-99 -111 0
-99 -112 0
-100 -101 0
-100 -102 0
-100 -103 0
-100 -104 0
-100 -105 0
-100 -106 0
-100 -107 0
-100 -108 0
-100 -109 0
-100 -110 0
-100 -111 0
-100 -112 0
-101 -102 0
-101 -103 0
-101 -104 0
-101 -105 0
-101 -106 0
-101 -107 0
-101 -108 0
-101 -109 0
-101 -110 0
-101 -111 0
-101 -112 0
-102 -103 0
-102 -104 0
-102 -105 0
-102 -106 0
-102 -107 0
-102 -108 0
-102 -109 0
-102 -110 0
-102 -111 0
-102 -112 0
-103 -104 0
-103 -105 0
-103 -106 0
-103 -107 0
-103 -108 0
-103 -109 0
-103 -110 0
-103 -111 0
-103 -112 0
-104 -105 0
-104 -106 0
-104 -107 0
-104 -108 0
-104 -109 0
-104 -110 0
-104 -111 0
-104 -112 0
-105 -106 0
-105 -107 0
-105 -108 0
-105 -109 0
-105 -110 0
-105 -111 0
-105 -112 0
-106 -107 0
-106 -108 0
-106 -109 0
-106 -110 0
-106 -111 0
-106 -112 0
-107 -108 0
-107 -109 0
-107 -110 0
-107 -111 0
-107 -112 0
-108 -109 0
-108 -110 0
-108 -111 0
-108 -112 0
-109 -110 0
-109 -111 0
-109 -112 0
-110 -111 0
-110 -112 0
-111 -112 0
113 114 115 116 117 118 119 120 121 122 123 124 125 126 0
-113 -114 0
-113 -115 0
-113 -116 0
-113 -117 0
-113 -118 0
-113 -119 0
-113 -120 0
-113 -121 0
-113 -122 0
-113 -123 0
-113 -124 0
-113 -125 0
-113 -126 0
-114 -115 0
-114 -116 0
-114 -117 0
-114 -118 0
-114 -119 0
-114 -120 0
-114 -121 0
-114 -122 0
-114 -123 0
-114 -124 0
-114 -125 0
-114 -126 0
-115 -116 0
-115 -117 0
-115 -118 0
-115 -119 0
-115 -120 0
-115 -121 0
-115 -122 0
-115 -123 0
-115 -124 0
-115 -125 0
-115 -126 0
-116 -117 0
-116 -118 0
-116 -119 0
-116 -120 0
-116 -121 0
-116 -122 0
-116 -123 0
-116 -124 0
-116 -125 0
-116 -126 0
-117 -118 0
-117 -119 0
-117 -120 0
-117 -121 0
-117 -122 0
-117 -123 0
-117 -124 0
-117 -125 0
-117 -126 0
-118 -119 0
-118 -120 0
-118 -121 0
-118 -122 0
-118 -123 0
-118 -124 0
-118 -125 0
-118 -126 0
-119 -120 0
-119 -121 0
-119 -122 0
-119 -123 0
-119 -124 0
-119 -125 0
-119 -126 0
-120 -121 0
-120 -122 0
-120 -123 0
-120 -124 0
-120 -125 0
-120 -126 0
-121 -122 0
-121 -123 0
-121 -124 0
-121 -125 0
-121 -126 0
-122 -123 0
-122 -124 0
-122 -125 0
-122 -126 0
-123 -124 0
-123 -125 0
-123 -126 0
-124 -125 0
-124 -126 0
-125 -126 0
127 128 129 130 131 132 133 134 135 136 137 138 139 140 0
-127 -128 0
-127 -129 0
-127 -130 0
-127 -131 0
-127 -132 0
-127 -133 0
-127 -134 0
-127 -135 0
-127 -136 0
-127 -137 0
-127 -138 0
-127 -139 0
-127 -140 0
-128 -129 0
-128 -130 0
-128 -131 0
-128 -132 0
-128 -133 0
-128 -134 0
-128 -135 0
-128 -136 0
-128 -137 0
-128 -138 0
-128 -139 0
-128 -140 0
-129 -130 0
-129 -131 0
-129 -132 0
-129 -133 0
-129 -134 0
-129 -135 0
-129 -136 0
-129 -137 0
-129 -138 0
-129 -139 0
-129 -140 0
-130 -131 0
-130 -132 0
-130 -133 0
-130 -134 0
-130 -135 0
-130 -136 0
-130 -137 0
-130 -138 0
-130 -139 0
-130 -140 0
-131 -132 0
-131 -133 0
-131 -134 0
-131 -135 0
-131 -136 0
-131 -137 0
-131 -138 0
-131 -139 0
-131 -140 0
-132 -133 0
-132 -134 0
-132 -135 0
-132 -136 0
-132 -137 0
-132 -138 0
-132 -139 0
-132 -140 0
-133 -134 0
-133 -135 0
-133 -136 0
-133 -137 0
-133 -138 0
-133 -139 0
-133 -140 0
-134 -135 0
-134 -136 0
-134 -137 0
-134 -138 0
-134 -139 0
-134 -140 0
-135 -136 0
-135 -137 0
-135 -138 0
-135 -139 0
-135 -140 0
-136 -137 0
-136 -138 0
-136 -139 0
-136 -140 0
-137 -138 0
-137 -139 0
-137 -140 0
-138 -139 0
-138 -140 0
-139 -140 0
141 142 143 144 145 146 147 148 149 150 151 152 153 154 0
-141 -142 0
-141 -143 0
-141 -144 0
-141 -145 0
-141 -146 0
-141 -147 0
-141 -148 0
-141 -149 0
-141 -150 0
-141 -151 0
-141 -152 0
-141 -153 0
-141 -154 0
-142 -143 0
-142 -144 0
-142 -145 0
-142 -146 0
-142 -147 0
-142 -148 0
-142 -149 0
-142 -150 0
-142 -151 0
-142 -152 0
-142 -153 0
-142 -154 0
-143 -144 0
-143 -145 0
-143 -146 0
-143 -147 0
-143 -148 0
-143 -149 0
-143 -150 0
-143 -151 0
-143 -152 0
-143 -153 0
-143 -154 0
-144 -145 0
-144 -146 0
-144 -147 0
-144 -148 0
-144 -149 0
-144 -150 0
-144 -151 0
-144 -152 0
-144 -153 0
-144 -154 0
-145 -146 0
-145 -147 0
-145 -148 0
-145 -149 0
-145 -150 0
-145 -151 0
-145 -152 0
-145 -153 0
-145 -154 0
-146 -147 0
-146 -148 0
-146 -149 0
-146 -150 0
-146 -151 0
-146 -152 0
-146 -153 0
-146 -154 0
-147 -148 0
-147 -149 0
-147 -150 0
-147 -151 0
-147 -152 0
-147 -153 0
-147 -154 0
-148 -149 0
-148 -150 0
-148 -151 0
-148 -152 0
-148 -153 0
-148 -154 0
-149 -150 0
-149 -151 0
-149 -152 0
-149 -153 0
-149 -154 0
-150 -151 0
-150 -152 0
-150 -153 0
-150 -154 0
-151 -152 0
-151 -153 0
-151 -154 0
-152 -153 0
-152 -154 0
-153 -154 0
155 156 157 158 159 160 161 162 163 164 165 166 167 168 0
-155 -156 0
-155 -157 0
-155 -158 0
-155 -159 0
-155 -160 0
-155 -161 0
-155 -162 0
-155 -163 0
-155 -164 0
-155 -165 0
-155 -166 0
-155 -167 0
-155 -168 0
-156 -157 0
-156 -158 0
-156 -159 0
-156 -160 0
-156 -161 0
-156 -162 0
-156 -163 0
-156 -164 0
-156 -165 0
-156 -166 0
-156 -167 0
-156 -168 0
-157 -158 0
-157 -159 0
-157 -160 0
-157 -161 0
-157 -162 0
-157 -163 0
-157 -164 0
-157 -165 0
-157 -166 0
-157 -167 0
-157 -168 0
-158 -159 0
-158 -160 0
-158 -161 0
-158 -162 0
-158 -163 0
-158 -164 0
-158 -165 0
-158 -166 0
-158 -167 0
-158 -168 0
-159 -160 0
-159 -161 0
-159 -162 0
-159 -163 0
-159 -164 0
-159 -165 0
-159 -166 0
-159 -167 0
-159 -168 0
-160 -161 0
-160 -162 0
-160 -163 0
-160 -164 0
-160 -165 0
-160 -166 0
-160 -167 0
-160 -168 0
-161 -162 0
-161 -163 0
-161 -164 0
-161 -165 0
-161 -166 0
-161 -167 0
-161 -168 0
-162 -163 0
-162 -164 0
-162 -165 0
-162 -166 0
-162 -167 0
-162 -168 0
-163 -164 0
-163 -165 0
-163 -166 0
-163 -167 0
-163 -168 0
-164 -165 0
-164 -166 0
-164 -167 0
-164 -168 0
-165 -166 0
-165 -167 0
-165 -168 0
-166 -167 0
-166 -168 0
-167 -168 0
169 170 171 172 173 174 175 176 177 178 179 180 181 182 0
-169 -170 0
-169 -171 0
-169 -172 0
-169 -173 0
-169 -174 0
-169 -175 0
-169 -176 0
-169 -177 0
-169 -178 0
-169 -179 0
-169 -180 0
-169 -181 0
-169 -182 0
-170 -171 0
-170 -172 0
-170 -173 0
-170 -174 0
-170 -175 0
-170 -176 0
-170 -177 0
-170 -178 0
-170 -179 0
-170 -180 0
-170 -181 0
-170 -182 0
-171 -172 0
-171 -173 0
-171 -174 0
-171 -175 0
-171 -176 0
-171 -177 0
-171 -178 0
-171 -179 0
-171 -180 0
-171 -181 0
-171 -182 0
-172 -173 0
-172 -174 0
-172 -175 0
-172 -176 0
-172 -177 0
-172 -178 0
-172 -179 0
-172 -180 0
-172 -181 0
-172 -182 0
-173 -174 0
-173 -175 0
-173 -176 0
-173 -177 0
-173 -178 0
-173 -179 0
-173 -180 0
-173 -181 0
-173 -182 0
-174 -175 0
-174 -176 0
-174 -177 0
-174 -178 0
-174 -179 0
-174 -180 0
-174 -181 0
-174 -182 0
-175 -176 0
-175 -177 0
-175 -178 0
-175 -179 0
-175 -180 0
-175 -181 0
-175 -182 0
-176 -177 0
-176 -178 0
-176 -179 0
-176 -180 0
-176 -181 0
-176 -182 0
-177 -178 0
-177 -179 0
-177 -180 0
-177 -181 0
-177 -182 0
-178 -179 0
-178 -180 0
-178 -181 0
-178 -182 0
-179 -180 0
-179 -181 0
-179 -182 0
-180 -181 0
-180 -182 0
-181 -182 0
183 184 185 186 187 188 189 190 191 192 193 194 195 196 0
-183 -184 0
-183 -185 0
-183 -186 0
-183 -187 0
-183 -188 0
-183 -189 0
-183 -190 0
-183 -191 0
-183 -192 0
-183 -193 0
-183 -194 0
-183 -195 0
-183 -196 0
-184 -185 0
-184 -186 0
-184 -187 0
-184 -188 0
-184 -189 0
-184 -190 0
-184 -191 0
-184 -192 0
-184 -193 0
-184 -194 0
-184 -195 0
-184 -196 0
-185 -186 0
-185 -187 0
-185 -188 0
-185 -189 0
-185 -190 0
-185 -191 0
-185 -192 0
-185 -193 0
-185 -194 0
-185 -195 0
-185 -196 0
-186 -187 0
-186 -188 0
-186 -189 0
-186 -190 0
-186 -191 0
-186 -192 0
-186 -193 0
-186 -194 0
-186 -195 0
-186 -196 0
-187 -188 0
-187 -189 0
-187 -190 0
-187 -191 0
-187 -192 0
-187 -193 0
-187 -194 0
-187 -195 0
-187 -196 0
-188 -189 0
-188 -190 0
-188 -191 0
-188 -192 0
-188 -193 0
-188 -194 0
-188 -195 0
-188 -196 0
-189 -190 0
-189 -191 0
-189 -192 0
-189 -193 0
-189 -194 0
-189 -195 0
-189 -196 0
-190 -191 0
-190 -192 0
-190 -193 0
-190 -194 0
-190 -195 0
-190 -196 0
-191 -192 0
-191 -193 0
-191 -194 0
-191 -195 0
-191 -196 0
-192 -193 0
-192 -194 0
-192 -195 0
-192 -196 0
-193 -194 0
-193 -195 0
-193 -196 0
-194 -195 0
-194 -196 0
-195 -196 0
1 15 29 43 57 71 85 99 113 127 141 155 169 183 0
-1 -15 0
-1 -29 0
-1 -43 0
-1 -57 0
-1 -71 0
-1 -85 0
-1 -99 0
-1 -113 0
-1 -127 0
-1 -141 0
-1 -155 0
-1 -169 0
-1 -183 0
-15 -29 0
-15 -43 0
-15 -57 0
-15 -71 0
-15 -85 0
-15 -99 0
-15 -113 0
-15 -127 0
-15 -141 0
-15 -155 0
-15 -169 0
-15 -183 0
-29 -43 0
-29 -57 0
-29 -71 0
-29 -85 0
-29 -99 0
-29 -113 0
-29 -127 0
-29 -141 0
-29 -155 0
-29 -169 0
-29 -183 0
-43 -57 0
-43 -71 0
-43 -85 0
-43 -99 0
-43 -113 0
-43 -127 0
-43 -141 0
-43 -155 0
-43 -169 0
-43 -183 0
-57 -71 0
-57 -85 0
-57 -99 0
-57 -113 0
-57 -127 0
-57 -141 0
-57 -155 0
-57 -169 0
-57 -183 0
-71 -85 0
-71 -99 0
-71 -113 0
-71 -127 0
-71 -141 0
-71 -155 0
-71 -169 0
-71 -183 0
-85 -99 0
-85 -113 0
-85 -127 0
-85 -141 0
-85 -155 0
-85 -169 0
-85 -183 0
-99 -113 0
-99 -127 0
-99 -141 0
-99 -155 0
-99 -169 0
-99 -183 0
-113 -127 0
-113 -141 0
-113 -155 0
-113 -169 0
-113 -183 0
-127 -141 0
-127 -155 0
-127 -169 0
-127 -183 0
-141 -155 0
-141 -169 0
-141 -183 0
-155 -169 0
-155 -183 0
-169 -183 0
2 16 30 44 58 72 86 100 114 128 142 156 170 184 0
-2 -16 0
-2 -30 0
-2 -44 0
-2 -58 0
-2 -72 0
-2 -86 0
-2 -100 0
-2 -114 0
-2 -128 0
-2 -142 0
-2 -156 0
-2 -170 0
-2 -184 0
-16 -30 0
-16 -44 0
-16 -58 0
-16 -72 0
-16 -86 0
-16 -100 0
-16 -114 0
-16 -128 0
-16 -142 0
-16 -156 0
-16 -170 0
-16 -184 0
-30 -44 0
-30 -58 0
-30 -72 0
-30 -86 0
-30 -100 0
-30 -114 0
-30 -128 0
-30 -142 0
-30 -156 0
-30 -170 0
-30 -184 0
-44 -58 0
-44 -72 0
-44 -86 0
-44 -100 0
-44 -114 0
-44 -128 0
-44 -142 0
-44 -156 0
-44 -170 0
-44 -184 0
-58 -72 0
-58 -86 0
-58 -100 0
-58 -114 0
-58 -128 0
-58 -142 0
-58 -156 0
-58 -170 0
-58 -184 0
-72 -86 0
-72 -100 0
-72 -114 0
-72 -128 0
-72 -142 0
-72 -156 0
-72 -170 0
-72 -184 0
-86 -100 0
-86 -114 0
-86 -128 0
-86 -142 0
-86 -156 0
-86 -170 0
-86 -184 0
-100 -114 0
-100 -128 0
-100 -142 0
-100 -156 0
-100 -170 0
-100 -184 0
-114 -128 0
-114 -142 0
-114 -156 0
-114 -170 0
-114 -184 0
-128 -142 0
-128 -156 0
-128 -170 0
-128 -184 0
-142 -156 0
-142 -170 0
-142 -184 0
-156 -170 0
-156 -184 0
-170 -184 0
3 17 31 45 59 73 87 101 115 129 143 157 171 185 0
-3 -17 0
-3 -31 0
-3 -45 0
-3 -59 0
-3 -73 0
-3 -87 0
-3 -101 0
-3 -115 0
-3 -129 0
-3 -143 0
-3 -157 0
-3 -171 0
-3 -185 0
-17 -31 0
-17 -45 0
-17 -59 0
-17 -73 0
-17 -87 0
-17 -101 0
-17 -115 0
-17 -129 0
-17 -143 0
-17 -157 0
-17 -171 0
-17 -185 0
-31 -45 0
-31 -59 0
-31 -73 0
-31 -87 0
-31 -101 0
-31 -115 0
-31 -129 0
-31 -143 0
-31 -157 0
-31 -171 0
-31 -185 0
-45 -59 0
-45 -73 0
-45 -87 0
-45 -101 0
-45 -115 0
-45 -129 0
-45 -143 0
-45 -157 0
-45 -171 0
-45 -185 0
-59 -73 0
-59 -87 0
-59 -101 0
-59 -115 0
-59 -129 0
-59 -143 0
-59 -157 0
-59 -171 0
-59 -185 0
-73 -87 0
-73 -101 0
-73 -115 0
-73 -129 0
-73 -143 0
-73 -157 0
-73 -171 0
-73 -185 0
-87 -101 0
-87 -115 0
-87 -129 0
-87 -143 0
-87 -157 0
-87 -171 0
-87 -185 0
-101 -115 0
-101 -129 0
-101 -143 0
-101 -157 0
-101 -171 0
-101 -185 0
-115 -129 0
-115 -143 0
-115 -157 0
-115 -171 0
-115 -185 0
-129 -143 0
-129 -157 0
-129 -171 0
-129 -185 0
-143 -157 0
-143 -171 0
-143 -185 0
-157 -171 0
-157 -185 0
-171 -185 0
4 18 32 46 60 74 88 102 116 130 144 158 172 186 0
-4 -18 0
-4 -32 0
-4 -46 0
-4 -60 0
-4 -74 0
-4 -88 0
-4 -102 0
-4 -116 0
-4 -130 0
-4 -144 0
-4 -158 0
-4 -172 0
-4 -186 0
-18 -32 0
-18 -46 0
-18 -60 0
-18 -74 0
-18 -88 0
-18 -102 0
-18 -116 0
-18 -130 0
-18 -144 0
-18 -158 0
-18 -172 0
-18 -186 0
-32 -46 0
-32 -60 0
-32 -74 0
-32 -88 0
-32 -102 0
-32 -116 0
-32 -130 0
-32 -144 0
-32 -158 0
-32 -172 0
-32 -186 0
-46 -60 0
-46 -74 0
-46 -88 0
-46 -102 0
-46 -116 0
-46 -130 0
-46 -144 0
-46 -158 0
-46 -172 0
-46 -186 0
-60 -74 0
-60 -88 0
-60 -102 0
-60 -116 0
-60 -130 0
-60 -144 0
-60 -158 0
-60 -172 0
-60 -186 0
-74 -88 0
-74 -102 0
-74 -116 0
-74 -130 0
-74 -144 0
-74 -158 0
-74 -172 0
-74 -186 0
-88 -102 0
-88 -116 0
-88 -130 0
-88 -144 0
-88 -158 0
-88 -172 0
-88 -186 0
-102 -116 0
-102 -130 0
-102 -144 0
-102 -158 0
-102 -172 0
-102 -186 0
-116 -130 0
-116 -144 0
-116 -158 0
-116 -172 0
-116 -186 0
-130 -144 0
-130 -158 0
-130 -172 0
-130 -186 0
-144 -158 0
-144 -172 0
-144 -186 0
-158 -172 0
-158 -186 0
-172 -186 0
5 19 33 47 61 75 89 103 117 131 145 159 173 187 0
-5 -19 0
-5 -33 0
-5 -47 0
-5 -61 0
-5 -75 0
-5 -89 0
-5 -103 0
-5 -117 0
-5 -131 0
-5 -145 0
-5 -159 0
-5 -173 0
-5 -187 0
-19 -33 0
-19 -47 0
-19 -61 0
-19 -75 0
-19 -89 0
-19 -103 0
-19 -117 0
-19 -131 0
-19 -145 0
-19 -159 0
-19 -173 0
-19 -187 0
-33 -47 0
-33 -61 0
-33 -75 0
-33 -89 0
-33 -103 0
-33 -117 0
-33 -131 0
-33 -145 0
-33 -159 0
-33 -173 0
-33 -187 0
-47 -61 0
-47 -75 0
-47 -89 0
-47 -103 0
-47 -117 0
-47 -131 0
-47 -145 0
-47 -159 0
-47 -173 0
-47 -187 0
-61 -75 0
-61 -89 0
-61 -103 0
-61 -117 0
-61 -131 0
-61 -145 0
-61 -159 0
-61 -173 0
-61 -187 0
-75 -89 0
-75 -103 0
-75 -117 0
-75 -131 0
-75 -145 0
-75 -159 0
-75 -173 0
-75 -187 0
-89 -103 0
-89 -117 0
-89 -131 0
-89 -145 0
-89 -159 0
-89 -173 0
-89 -187 0
-103 -117 0
-103 -131 0
-103 -145 0
-103 -159 0
-103 -173 0
-103 -187 0
-117 -131 0
-117 -145 0
-117 -159 0
-117 -173 0
-117 -187 0
-131 -145 0
-131 -159 0
-131 -173 0
-131 -187 0
-145 -159 0
-145 -173 0
-145 -187 0
-159 -173 0
-159 -187 0
-173 -187 0
6 20 34 48 62 76 90 104 118 132 146 160 174 188 0
-6 -20 0
-6 -34 0
-6 -48 0
-6 -62 0
-6 -76 0
-6 -90 0
-6 -104 0
-6 -118 0
-6 -132 0
-6 -146 0
-6 -160 0
-6 -174 0
-6 -188 0
-20 -34 0
-20 -48 0
-20 -62 0
-20 -76 0
-20 -90 0
-20 -104 0
-20 -118 0
-20 -132 0
-20 -146 0
-20 -160 0
-20 -174 0
-20 -188 0
-34 -48 0
-34 -62 0
-34 -76 0
-34 -90 0
-34 -104 0
-34 -118 0
-34 -132 0
-34 -146 0
-34 -160 0
-34 -174 0
-34 -188 0
-48 -62 0
-48 -76 0
-48 -90 0
-48 -104 0
-48 -118 0
-48 -132 0
-48 -146 0
-48 -160 0
-48 -174 0
-48 -188 0
-62 -76 0
-62 -90 0
-62 -104 0
-62 -118 0
-62 -132 0
-62 -146 0
-62 -160 0
-62 -174 0
-62 -188 0
-76 -90 0
-76 -104 0
-76 -118 0
-76 -132 0
-76 -146 0
-76 -160 0
-76 -174 0
-76 -188 0
-90 -104 0
-90 -118 0
-90 -132 0
-90 -146 0
-90 -160 0
-90 -174 0
-90 -188 0
-104 -118 0
-104 -132 0
-104 -146 0
-104 -160 0
-104 -174 0
-104 -188 0
-118 -132 0
-118 -146 0
-118 -160 0
-118 -174 0
-118 -188 0
-132 -146 0
-132 -160 0
-132 -174 0
-132 -188 0
-146 -160 0
-146 -174 0
-146 -188 0
-160 -174 0
-160 -188 0
-174 -188 0
7 21 35 49 63 77 91 105 119 133 147 161 175 189 0
-7 -21 0
-7 -35 0
-7 -49 0
-7 -63 0
-7 -77 0
-7 -91 0
-7 -105 0
-7 -119 0
-7 -133 0
-7 -147 0
-7 -161 0
-7 -175 0
-7 -189 0
-21 -35 0
-21 -49 0
-21 -63 0
-21 -77 0
-21 -91 0
-21 -105 0
-21 -119 0
-21 -133 0
-21 -147 0
-21 -161 0
-21 -175 0
-21 -189 0
-35 -49 0
-35 -63 0
-35 -77 0
-35 -91 0
-35 -105 0
-35 -119 0
-35 -133 0
-35 -147 0
-35 -161 0
-35 -175 0
-35 -189 0
-49 -63 0
-49 -77 0
-49 -91 0
-49 -105 0
-49 -119 0
-49 -133 0
-49 -147 0
-49 -161 0
-49 -175 0
-49 -189 0
-63 -77 0
-63 -91 0
-63 -105 0
-63 -119 0
-63 -133 0
-63 -147 0
-63 -161 0
-63 -175 0
-63 -189 0
-77 -91 0
-77 -105 0
-77 -119 0
-77 -133 0
-77 -147 0
-77 -161 0
-77 -175 0
-77 -189 0
-91 -105 0
-91 -119 0
-91 -133 0
-91 -147 0
-91 -161 0
-91 -175 0
-91 -189 0
-105 -119 0
-105 -133 0
-105 -147 0
-105 -161 0
-105 -175 0
-105 -189 0
-119 -133 0
-119 -147 0
-119 -161 0
-119 -175 0
-119 -189 0
-133 -147 0
-133 -161 0
-133 -175 0
-133 -189 0
-147 -161 0
-147 -175 0
-147 -189 0
-161 -175 0
-161 -189 0
-175 -189 0
8 22 36 50 64 78 92 106 120 134 148 162 176 190 0
-8 -22 0
-8 -36 0
-8 -50 0
-8 -64 0
-8 -78 0
-8 -92 0
-8 -106 0
-8 -120 0
-8 -134 0
-8 -148 0
-8 -162 0
-8 -176 0
-8 -190 0
-22 -36 0
-22 -50 0
-22 -64 0
-22 -78 0
-22 -92 0
-22 -106 0
-22 -120 0
-22 -134 0
-22 -148 0
-22 -162 0
-22 -176 0
-22 -190 0
-36 -50 0
-36 -64 0
-36 -78 0
-36 -92 0
-36 -106 0
-36 -120 0
-36 -134 0
-36 -148 0
-36 -162 0
-36 -176 0
-36 -190 0
-50 -64 0
-50 -78 0
-50 -92 0
-50 -106 0
-50 -120 0
-50 -134 0
-50 -148 0
-50 -162 0
-50 -176 0
-50 -190 0
-64 -78 0
-64 -92 0
-64 -106 0
-64 -120 0
-64 -134 0
-64 -148 0
-64 -162 0
-64 -176 0
-64 -190 0
-78 -92 0
-78 -106 0
-78 -120 0
-78 -134 0
-78 -148 0
-78 -162 0
-78 -176 0
-78 -190 0
-92 -106 0
-92 -120 0
-92 -134 0
-92 -148 0
-92 -162 0
-92 -176 0
-92 -190 0
-106 -120 0
-106 -134 0
-106 -148 0
-106 -162 0
-106 -176 0
-106 -190 0
-120 -134 0
-120 -148 0
-120 -162 0
-120 -176 0
-120 -190 0
-134 -148 0
-134 -162 0
-134 -176 0
-134 -190 0
-148 -162 0
-148 -176 0
-148 -190 0
-162 -176 0
-162 -190 0
-176 -190 0
9 23 37 51 65 79 93 107 121 135 149 163 177 191 0
-9 -23 0
-9 -37 0
-9 -51 0
-9 -65 0
-9 -79 0
-9 -93 0
-9 -107 0
-9 -121 0
-9 -135 0
-9 -149 0
-9 -163 0
-9 -177 0
-9 -191 0
-23 -37 0
-23 -51 0
-23 -65 0
-23 -79 0
-23 -93 0
-23 -107 0
-23 -121 0
-23 -135 0
-23 -149 0
-23 -163 0
-23 -177 0
-23 -191 0
-37 -51 0
-37 -65 0
-37 -79 0
-37 -93 0
-37 -107 0
-37 -121 0
-37 -135 0
-37 -149 0
-37 -163 0
-37 -177 0
-37 -191 0
-51 -65 0
-51 -79 0
-51 -93 0
-51 -107 0
-51 -121 0
-51 -135 0
-51 -149 0
-51 -163 0
-51 -177 0
-51 -191 0
-65 -79 0
-65 -93 0
-65 -107 0
-65 -121 0
-65 -135 0
-65 -149 0
-65 -163 0
-65 -177 0
-65 -191 0
-79 -93 0
-79 -107 0
-79 -121 0
-79 -135 0
-79 -149 0
-79 -163 0
-79 -177 0
-79 -191 0
-93 -107 0
-93 -121 0
-93 -135 0
-93 -149 0
-93 -163 0
-93 -177 0
-93 -191 0
-107 -121 0
-107 -135 0
-107 -149 0
-107 -163 0
-107 -177 0
-107 -191 0
-121 -135 0
-121 -149 0
-121 -163 0
-121 -177 0
-121 -191 0
-135 -149 0
-135 -163 0
-135 -177 0
-135 -191 0
-149 -163 0
-149 -177 0
-149 -191 0
-163 -177 0
-163 -191 0
-177 -191 0
10 24 38 52 66 80 94 108 122 136 150 164 178 192 0
-10 -24 0
-10 -38 0
-10 -52 0
-10 -66 0
-10 -80 0
-10 -94 0
-10 -108 0
-10 -122 0
-10 -136 0
-10 -150 0
-10 -164 0
-10 -178 0
-10 -192 0
-24 -38 0
-24 -52 0
-24 -66 0
-24 -80 0
-24 -94 0
-24 -108 0
-24 -122 0
-24 -136 0
-24 -150 0
-24 -164 0
-24 -178 0
-24 -192 0
-38 -52 0
-38 -66 0
-38 -80 0
-38 -94 0
-38 -108 0
-38 -122 0
-38 -136 0
-38 -150 0
-38 -164 0
-38 -178 0
-38 -192 0
-52 -66 0
-52 -80 0
-52 -94 0
-52 -108 0
-52 -122 0
-52 -136 0
-52 -150 0
-52 -164 0
-52 -178 0
-52 -192 0
-66 -80 0
-66 -94 0
-66 -108 0
-66 -122 0
-66 -136 0
-66 -150 0
-66 -164 0
-66 -178 0
-66 -192 0
-80 -94 0
-80 -108 0
-80 -122 0
-80 -136 0
-80 -150 0
-80 -164 0
-80 -178 0
-80 -192 0
-94 -108 0
-94 -122 0
-94 -136 0
-94 -150 0
-94 -164 0
-94 -178 0
-94 -192 0
-108 -122 0
-108 -136 0
-108 -150 0
-108 -164 0
-108 -178 0
-108 -192 0
-122 -136 0
-122 -150 0
-122 -164 0
-122 -178 0
-122 -192 0
-136 -150 0
-136 -164 0
-136 -178 0
-136 -192 0
-150 -164 0
-150 -178 0
-150 -192 0
-164 -178 0
-164 -192 0
-178 -192 0
11 25 39 53 67 81 95 109 123 137 151 165 179 193 0
-11 -25 0
-11 -39 0
-11 -53 0
-11 -67 0
-11 -81 0
-11 -95 0
-11 -109 0
-11 -123 0
-11 -137 0
-11 -151 0
-11 -165 0
-11 -179 0
-11 -193 0
-25 -39 0
-25 -53 0
-25 -67 0
-25 -81 0
-25 -95 0
-25 -109 0
-25 -123 0
-25 -137 0
-25 -151 0
-25 -165 0
-25 -179 0
-25 -193 0
-39 -53 0
-39 -67 0
-39 -81 0
-39 -95 0
-39 -109 0
-39 -123 0
-39 -137 0
-39 -151 0
-39 -165 0
-39 -179 0
-39 -193 0
-53 -67 0
-53 -81 0
-53 -95 0
-53 -109 0
-53 -123 0
-53 -137 0
-53 -151 0
-53 -165 0
-53 -179 0
-53 -193 0
-67 -81 0
-67 -95 0
-67 -109 0
-67 -123 0
-67 -137 0
-67 -151 0
-67 -165 0
-67 -179 0
-67 -193 0
-81 -95 0
-81 -109 0
-81 -123 0
-81 -137 0
-81 -151 0
-81 -165 0
-81 -179 0
-81 -193 0
-95 -109 0
-95 -123 0
-95 -137 0
-95 -151 0
-95 -165 0
-95 -179 0
-95 -193 0
-109 -123 0
-109 -137 0
-109 -151 0
-109 -165 0
-109 -179 0
-109 -193 0
-123 -137 0
-123 -151 0
-123 -165 0
-123 -179 0
-123 -193 0
-137 -151 0
-137 -165 0
-137 -179 0
-137 -193 0
-151 -165 0
-151 -179 0
-151 -193 0
-165 -179 0
-165 -193 0
-179 -193 0
12 26 40 54 68 82 96 110 124 138 152 166 180 194 0
-12 -26 0
-12 -40 0
-12 -54 0
-12 -68 0
-12 -82 0
-12 -96 0
-12 -110 0
-12 -124 0
-12 -138 0
-12 -152 0
-12 -166 0
-12 -180 0
-12 -194 0
-26 -40 0
-26 -54 0
-26 -68 0
-26 -82 0
-26 -96 0
-26 -110 0
-26 -124 0
-26 -138 0
-26 -152 0
-26 -166 0
-26 -180 0
-26 -194 0
-40 -54 0
-40 -68 0
-40 -82 0
-40 -96 0
-40 -110 0
-40 -124 0
-40 -138 0
-40 -152 0
-40 -166 0
-40 -180 0
-40 -194 0
-54 -68 0
-54 -82 0
-54 -96 0
-54 -110 0
-54 -124 0
-54 -138 0
-54 -152 0
-54 -166 0
-54 -180 0
-54 -194 0
-68 -82 0
-68 -96 0
-68 -110 0
-68 -124 0
-68 -138 0
-68 -152 0
-68 -166 0
-68 -180 0
-68 -194 0
-82 -96 0
-82 -110 0
-82 -124 0
-82 -138 0
-82 -152 0
-82 -166 0
-82 -180 0
-82 -194 0
-96 -110 0
-96 -124 0
-96 -138 0
-96 -152 0
-96 -166 0
-96 -180 0
-96 -194 0
-110 -124 0
-110 -138 0
-110 -152 0
-110 -166 0
-110 -180 0
-110 -194 0
-124 -138 0
-124 -152 0
-124 -166 0
-124 -180 0
-124 -194 0
-138 -152 0
-138 -166 0
-138 -180 0
-138 -194 0
-152 -166 0
-152 -180 0
-152 -194 0
-166 -180 0
-166 -194 0
-180 -194 0
13 27 41 55 69 83 97 111 125 139 153 167 181 195 0
-13 -27 0
-13 -41 0
-13 -55 0
-13 -69 0
-13 -83 0
-13 -97 0
-13 -111 0
-13 -125 0
-13 -139 0
-13 -153 0
-13 -167 0
-13 -181 0
-13 -195 0
-27 -41 0
-27 -55 0
-27 -69 0
-27 -83 0
-27 -97 0
-27 -111 0
-27 -125 0
-27 -139 0
-27 -153 0
-27 -167 0
-27 -181 0
-27 -195 0
-41 -55 0
-41 -69 0
-41 -83 0
-41 -97 0
-41 -111 0
-41 -125 0
-41 -139 0
-41 -153 0
-41 -167 0
-41 -181 0
-41 -195 0
-55 -69 0
-55 -83 0
-55 -97 0
-55 -111 0
-55 -125 0
-55 -139 0
-55 -153 0
-55 -167 0
-55 -181 0
-55 -195 0
-69 -83 0
-69 -97 0
-69 -111 0
-69 -125 0
-69 -139 0
-69 -153 0
-69 -167 0
-69 -181 0
-69 -195 0
-83 -97 0
-83 -111 0
-83 -125 0
-83 -139 0
-83 -153 0
-83 -167 0
-83 -181 0
-83 -195 0
-97 -111 0
-97 -125 0
-97 -139 0
-97 -153 0
-97 -167 0
-97 -181 0
-97 -195 0
-111 -125 0
-111 -139 0
-111 -153 0
-111 -167 0
-111 -181 0
-111 -195 0
-125 -139 0
-125 -153 0
-125 -167 0
-125 -181 0
-125 -195 0
-139 -153 0
-139 -167 0
-139 -181 0
-139 -195 0
-153 -167 0
-153 -181 0
-153 -195 0
-167 -181 0
-167 -195 0
-181 -195 0
14 28 42 56 70 84 98 112 126 140 154 168 182 196 0
-14 -28 0
-14 -42 0
-14 -56 0
-14 -70 0
-14 -84 0
-14 -98 0
-14 -112 0
-14 -126 0
-14 -140 0
-14 -154 0
-14 -168 0
-14 -182 0
-14 -196 0
-28 -42 0
-28 -56 0
-28 -70 0
-28 -84 0
-28 -98 0
-28 -112 0
-28 -126 0
-28 -140 0
-28 -154 0
-28 -168 0
-28 -182 0
-28 -196 0
-42 -56 0
-42 -70 0
-42 -84 0
-42 -98 0
-42 -112 0
-42 -126 0
-42 -140 0
-42 -154 0
-42 -168 0
-42 -182 0
-42 -196 0
-56 -70 0
-56 -84 0
-56 -98 0
-56 -112 0
-56 -126 0
-56 -140 0
-56 -154 0
-56 -168 0
-56 -182 0
-56 -196 0
-70 -84 0
-70 -98 0
-70 -112 0
-70 -126 0
-70 -140 0
-70 -154 0
-70 -168 0
-70 -182 0
-70 -196 0
-84 -98 0
-84 -112 0
-84 -126 0
-84 -140 0
-84 -154 0
-84 -168 0
-84 -182 0
-84 -196 0
-98 -112 0
-98 -126 0
-98 -140 0
-98 -154 0
-98 -168 0
-98 -182 0
-98 -196 0
-112 -126 0
-112 -140 0
-112 -154 0
-112 -168 0
-112 -182 0
-112 -196 0
-126 -140 0
-126 -154 0
-126 -168 0
-126 -182 0
-126 -196 0
-140 -154 0
-140 -168 0
-140 -182 0
-140 -196 0
-154 -168 0
-154 -182 0
-154 -196 0
-168 -182 0
-168 -196 0
-182 -196 0
-15 -2 0
-29 -16 0
-29 -3 0
-16 -3 0
-43 -30 0
-43 -17 0
-43 -4 0
-30 -17 0
-30 -4 0
-17 -4 0
-57 -44 0
-57 -31 0
-57 -18 0
-57 -5 0
-44 -31 0
-44 -18 0
-44 -5 0
-31 -18 0
-31 -5 0
-18 -5 0
-71 -58 0
-71 -45 0
-71 -32 0
-71 -19 0
-71 -6 0
-58 -45 0
-58 -32 0
-58 -19 0
-58 -6 0
-45 -32 0
-45 -19 0
-45 -6 0
-32 -19 0
-32 -6 0
-19 -6 0
-85 -72 0
-85 -59 0
-85 -46 0
-85 -33 0
-85 -20 0
-85 -7 0
-72 -59 0
-72 -46 0
-72 -33 0
-72 -20 0
-72 -7 0
-59 -46 0
-59 -33 0
-59 -20 0
-59 -7 0
-46 -33 0
-46 -20 0
-46 -7 0
-33 -20 0
-33 -7 0
-20 -7 0
-99 -86 0
-99 -73 0
-99 -60 0
-99 -47 0
-99 -34 0
-99 -21 0
-99 -8 0
-86 -73 0
-86 -60 0
-86 -47 0
-86 -34 0
-86 -21 0
-86 -8 0
-73 -60 0
-73 -47 0
-73 -34 0
-73 -21 0
-73 -8 0
-60 -47 0
-60 -34 0
-60 -21 0
-60 -8 0
-47 -34 0
-47 -21 0
-47 -8 0
-34 -21 0
-34 -8 0
-21 -8 0
-113 -100 0
-113 -87 0
-113 -74 0
-113 -61 0
-113 -48 0
-113 -35 0
-113 -22 0
-113 -9 0
-100 -87 0
-100 -74 0
-100 -61 0
-100 -48 0
-100 -35 0
-100 -22 0
-100 -9 0
-87 -74 0
-87 -61 0
-87 -48 0
-87 -35 0
-87 -22 0
-87 -9 0
-74 -61 0
-74 -48 0
-74 -35 0
-74 -22 0
-74 -9 0
-61 -48 0
-61 -35 0
-61 -22 0
-61 -9 0
-48 -35 0
-48 -22 0
-48 -9 0
-35 -22 0
-35 -9 0
-22 -9 0
-127 -114 0
-127 -101 0
-127 -88 0
-127 -75 0
-127 -62 0
-127 -49 0
-127 -36 0
-127 -23 0
-127 -10 0
-114 -101 0
-114 -88 0
-114 -75 0
-114 -62 0
-114 -49 0
-114 -36 0
-114 -23 0
-114 -10 0
-101 -88 0
-101 -75 0
-101 -62 0
-101 -49 0
-101 -36 0
-101 -23 0
-101 -10 0
-88 -75 0
-88 -62 0
-88 -49 0
-88 -36 0
-88 -23 0
-88 -10 0
-75 -62 0
-75 -49 0
-75 -36 0
-75 -23 0
-75 -10 0
-62 -49 0
-62 -36 0
-62 -23 0
-62 -10 0
-49 -36 0
-49 -23 0
-49 -10 0
-36 -23 0
-36 -10 0
-23 -10 0
-141 -128 0
-141 -115 0
-141 -102 0
-141 -89 0
-141 -76 0
-141 -63 0
-141 -50 0
-141 -37 0
-141 -24 0
-141 -11 0
-128 -115 0
-128 -102 0
-128 -89 0
-128 -76 0
-128 -63 0
-128 -50 0
-128 -37 0
-128 -24 0
-128 -11 0
-115 -102 0
-115 -89 0
-115 -76 0
-115 -63 0
-115 -50 0
-115 -37 0
-115 -24 0
-115 -11 0
-102 -89 0
-102 -76 0
-102 -63 0
-102 -50 0
-102 -37 0
-102 -24 0
-102 -11 0
-89 -76 0
-89 -63 0
-89 -50 0
-89 -37 0
-89 -24 0
-89 -11 0
-76 -63 0
-76 -50 0
-76 -37 0
-76 -24 0
-76 -11 0
-63 -50 0
-63 -37 0
-63 -24 0
-63 -11 0
-50 -37 0
-50 -24 0
-50 -11 0
-37 -24 0
-37 -11 0
-24 -11 0
-155 -142 0
-155 -129 0
-155 -116 0
-155 -103 0
-155 -90 0
-155 -77 0
-155 -64 0
-155 -51 0
-155 -38 0
-155 -25 0
-155 -12 0
-142 -129 0
-142 -116 0
-142 -103 0
-142 -90 0
-142 -77 0
-142 -64 0
-142 -51 0
-142 -38 0
-142 -25 0
-142 -12 0
-129 -116 0
-129 -103 0
-129 -90 0
-129 -77 0
-129 -64 0
-129 -51 0
-129 -38 0
-129 -25 0
-129 -12 0
-116 -103 0
-116 -90 0
-116 -77 0
-116 -64 0
-116 -51 0
-116 -38 0
-116 -25 0
-116 -12 0
-103 -90 0
-103 -77 0
-103 -64 0
-103 -51 0
-103 -38 0
-103 -25 0
-103 -12 0
-90 -77 0
-90 -64 0
-90 -51 0
-90 -38 0
-90 -25 0
-90 -12 0
-77 -64 0
-77 -51 0
-77 -38 0
-77 -25 0
-77 -12 0
-64 -51 0
-64 -38 0
-64 -25 0
-64 -12 0
-51 -38 0
-51 -25 0
-51 -12 0
-38 -25 0
-38 -12 0
-25 -12 0
-169 -156 0
-169 -143 0
-169 -130 0
-169 -117 0
-169 -104 0
-169 -91 0
-169 -78 0
-169 -65 0
-169 -52 0
-169 -39 0
-169 -26 0
-169 -13 0
-156 -143 0
-156 -130 0
-156 -117 0
-156 -104 0
-156 -91 0
-156 -78 0
-156 -65 0
-156 -52 0
-156 -39 0
-156 -26 0
-156 -13 0
-143 -130 0
-143 -117 0
-143 -104 0
-143 -91 0
-143 -78 0
-143 -65 0
-143 -52 0
-143 -39 0
-143 -26 0
-143 -13 0
-130 -117 0
-130 -104 0
-130 -91 0
-130 -78 0
-130 -65 0
-130 -52 0
-130 -39 0
-130 -26 0
-130 -13 0
-117 -104 0
-117 -91 0
-117 -78 0
-117 -65 0
-117 -52 0
-117 -39 0
-117 -26 0
-117 -13 0
-104 -91 0
-104 -78 0
-104 -65 0
-104 -52 0
-104 -39 0
-104 -26 0
-104 -13 0
-91 -78 0
-91 -65 0
-91 -52 0
-91 -39 0
-91 -26 0
-91 -13 0
-78 -65 0
-78 -52 0
-78 -39 0
-78 -26 0
-78 -13 0
-65 -52 0
-65 -39 0
-65 -26 0
-65 -13 0
-52 -39 0
-52 -26 0
-52 -13 0
-39 -26 0
-39 -13 0
-26 -13 0
-183 -170 0
-183 -157 0
-183 -144 0
-183 -131 0
-183 -118 0
-183 -105 0
-183 -92 0
-183 -79 0
-183 -66 0
-183 -53 0
-183 -40 0
-183 -27 0
-183 -14 0
-170 -157 0
-170 -144 0
-170 -131 0
-170 -118 0
-170 -105 0
-170 -92 0
-170 -79 0
-170 -66 0
-170 -53 0
-170 -40 0
-170 -27 0
-170 -14 0
-157 -144 0
-157 -131 0
-157 -118 0
-157 -105 0
-157 -92 0
-157 -79 0
-157 -66 0
-157 -53 0
-157 -40 0
-157 -27 0
-157 -14 0
-144 -131 0
-144 -118 0
-144 -105 0
-144 -92 0
-144 -79 0
-144 -66 0
-144 -53 0
-144 -40 0
-144 -27 0
-144 -14 0
-131 -118 0
-131 -105 0
-131 -92 0
-131 -79 0
-131 -66 0
-131 -53 0
-131 -40 0
-131 -27 0
-131 -14 0
-118 -105 0
-118 -92 0
-118 -79 0
-118 -66 0
-118 -53 0
-118 -40 0
-118 -27 0
-118 -14 0
-105 -92 0
-105 -79 0
-105 -66 0
-105 -53 0
-105 -40 0
-105 -27 0
-105 -14 0
-92 -79 0
-92 -66 0
-92 -53 0
-92 -40 0
-92 -27 0
-92 -14 0
-79 -66 0
-79 -53 0
-79 -40 0
-79 -27 0
-79 -14 0
-66 -53 0
-66 -40 0
-66 -27 0
-66 -14 0
-53 -40 0
-53 -27 0
-53 -14 0
-40 -27 0
-40 -14 0
-27 -14 0
-184 -171 0
-184 -158 0
-184 -145 0
-184 -132 0
-184 -119 0
-184 -106 0
-184 -93 0
-184 -80 0
-184 -67 0
-184 -54 0
-184 -41 0
-184 -28 0
-171 -158 0
-171 -145 0
-171 -132 0
-171 -119 0
-171 -106 0
-171 -93 0
-171 -80 0
-171 -67 0
-171 -54 0
-171 -41 0
-171 -28 0
-158 -145 0
-158 -132 0
-158 -119 0
-158 -106 0
-158 -93 0
-158 -80 0
-158 -67 0
-158 -54 0
-158 -41 0
-158 -28 0
-145 -132 0
-145 -119 0
-145 -106 0
-145 -93 0
-145 -80 0
-145 -67 0
-145 -54 0
-145 -41 0
-145 -28 0
-132 -119 0
-132 -106 0
-132 -93 0
-132 -80 0
-132 -67 0
-132 -54 0
-132 -41 0
-132 -28 0
-119 -106 0
-119 -93 0
-119 -80 0
-119 -67 0
-119 -54 0
-119 -41 0
-119 -28 0
-106 -93 0
-106 -80 0
-106 -67 0
-106 -54 0
-106 -41 0
-106 -28 0
-93 -80 0
-93 -67 0
-93 -54 0
-93 -41 0
-93 -28 0
-80 -67 0
-80 -54 0
-80 -41 0
-80 -28 0
-67 -54 0
-67 -41 0
-67 -28 0
-54 -41 0
-54 -28 0
-41 -28 0
-185 -172 0
-185 -159 0
-185 -146 0
-185 -133 0
-185 -120 0
-185 -107 0
-185 -94 0
-185 -81 0
-185 -68 0
-185 -55 0
-185 -42 0
-172 -159 0
-172 -146 0
-172 -133 0
-172 -120 0
-172 -107 0
-172 -94 0
-172 -81 0
-172 -68 0
-172 -55 0
-172 -42 0
-159 -146 0
-159 -133 0
-159 -120 0
-159 -107 0
-159 -94 0
-159 -81 0
-159 -68 0
-159 -55 0
-159 -42 0
-146 -133 0
-146 -120 0
-146 -107 0
-146 -94 0
-146 -81 0
-146 -68 0
-146 -55 0
-146 -42 0
-133 -120 0
-133 -107 0
-133 -94 0
-133 -81 0
-133 -68 0
-133 -55 0
-133 -42 0
-120 -107 0
-120 -94 0
-120 -81 0
-120 -68 0
-120 -55 0
-120 -42 0
-107 -94 0
-107 -81 0
-107 -68 0
-107 -55 0
-107 -42 0
-94 -81 0
-94 -68 0
-94 -55 0
-94 -42 0
-81 -68 0
-81 -55 0
-81 -42 0
-68 -55 0
-68 -42 0
-55 -42 0
-186 -173 0
-186 -160 0
-186 -147 0
-186 -134 0
-186 -121 0
-186 -108 0
-186 -95 0
-186 -82 0
-186 -69 0
-186 -56 0
-173 -160 0
-173 -147 0
-173 -134 0
-173 -121 0
-173 -108 0
-173 -95 0
-173 -82 0
-173 -69 0
-173 -56 0
-160 -147 0
-160 -134 0
-160 -121 0
-160 -108 0
-160 -95 0
-160 -82 0
-160 -69 0
-160 -56 0
-147 -134 0
-147 -121 0
-147 -108 0
-147 -95 0
-147 -82 0
-147 -69 0
-147 -56 0
-134 -121 0
-134 -108 0
-134 -95 0
-134 -82 0
-134 -69 0
-134 -56 0
-121 -108 0
-121 -95 0
-121 -82 0
-121 -69 0
-121 -56 0
-108 -95 0
-108 -82 0
-108 -69 0
-108 -56 0
-95 -82 0
-95 -69 0
-95 -56 0
-82 -69 0
-82 -56 0
-69 -56 0
-187 -174 0
-187 -161 0
-187 -148 0
-187 -135 0
-187 -122 0
-187 -109 0
-187 -96 0
-187 -83 0
-187 -70 0
-174 -161 0
-174 -148 0
-174 -135 0
-174 -122 0
-174 -109 0
-174 -96 0
-174 -83 0
-174 -70 0
-161 -148 0
-161 -135 0
-161 -122 0
-161 -109 0
-161 -96 0
-161 -83 0
-161 -70 0
-148 -135 0
-148 -122 0
-148 -109 0
-148 -96 0
-148 -83 0
-148 -70 0
-135 -122 0
-135 -109 0
-135 -96 0
-135 -83 0
-135 -70 0
-122 -109 0
-122 -96 0
-122 -83 0
-122 -70 0
-109 -96 0
-109 -83 0
-109 -70 0
-96 -83 0
-96 -70 0
-83 -70 0
-188 -175 0
-188 -162 0
-188 -149 0
-188 -136 0
-188 -123 0
-188 -110 0
-188 -97 0
-188 -84 0
-175 -162 0
-175 -149 0
-175 -136 0
-175 -123 0
-175 -110 0
-175 -97 0
-175 -84 0
-162 -149 0
-162 -136 0
-162 -123 0
-162 -110 0
-162 -97 0
-162 -84 0
-149 -136 0
-149 -123 0
-149 -110 0
-149 -97 0
-149 -84 0
-136 -123 0
-136 -110 0
-136 -97 0
-136 -84 0
-123 -110 0
-123 -97 0
-123 -84 0
-110 -97 0
-110 -84 0
-97 -84 0
-189 -176 0
-189 -163 0
-189 -150 0
-189 -137 0
-189 -124 0
-189 -111 0
-189 -98 0
-176 -163 0
-176 -150 0
-176 -137 0
-176 -124 0
-176 -111 0
-176 -98 0
-163 -150 0
-163 -137 0
-163 -124 0
-163 -111 0
-163 -98 0
-150 -137 0
-150 -124 0
-150 -111 0
-150 -98 0
-137 -124 0
-137 -111 0
-137 -98 0
-124 -111 0
-124 -98 0
-111 -98 0
-190 -177 0
-190 -164 0
-190 -151 0
-190 -138 0
-190 -125 0
-190 -112 0
-177 -164 0
-177 -151 0
-177 -138 0
-177 -125 0
-177 -112 0
-164 -151 0
-164 -138 0
-164 -125 0
-164 -112 0
-151 -138 0
-151 -125 0
-151 -112 0
-138 -125 0
-138 -112 0
-125 -112 0
-191 -178 0
-191 -165 0
-191 -152 0
-191 -139 0
-191 -126 0
-178 -165 0
-178 -152 0
-178 -139 0
-178 -126 0
-165 -152 0
-165 -139 0
-165 -126 0
-152 -139 0
-152 -126 0
-139 -126 0
-192 -179 0
-192 -166 0
-192 -153 0
-192 -140 0
-179 -166 0
-179 -153 0
-179 -140 0
-166 -153 0
-166 -140 0
-153 -140 0
-193 -180 0
-193 -167 0
-193 -154 0
-180 -167 0
-180 -154 0
-167 -154 0
-194 -181 0
-194 -168 0
-181 -168 0
-195 -182 0
-13 -28 0
-12 -27 0
-12 -42 0
-27 -42 0
-11 -26 0
-11 -41 0
-11 -56 0
-26 -41 0
-26 -56 0
-41 -56 0
-10 -25 0
-10 -40 0
-10 -55 0
-10 -70 0
-25 -40 0
-25 -55 0
-25 -70 0
-40 -55 0
-40 -70 0
-55 -70 0
-9 -24 0
-9 -39 0
-9 -54 0
-9 -69 0
-9 -84 0
-24 -39 0
-24 -54 0
-24 -69 0
-24 -84 0
-39 -54 0
-39 -69 0
-39 -84 0
-54 -69 0
-54 -84 0
-69 -84 0
-8 -23 0
-8 -38 0
-8 -53 0
-8 -68 0
-8 -83 0
-8 -98 0
-23 -38 0
-23 -53 0
-23 -68 0
-23 -83 0
-23 -98 0
-38 -53 0
-38 -68 0
-38 -83 0
-38 -98 0
-53 -68 0
-53 -83 0
-53 -98 0
-68 -83 0
-68 -98 0
-83 -98 0
-7 -22 0
-7 -37 0
-7 -52 0
-7 -67 0
-7 -82 0
-7 -97 0
-7 -112 0
-22 -37 0
-22 -52 0
-22 -67 0
-22 -82 0
-22 -97 0
-22 -112 0
-37 -52 0
-37 -67 0
-37 -82 0
-37 -97 0
-37 -112 0
-52 -67 0
-52 -82 0
-52 -97 0
-52 -112 0
-67 -82 0
-67 -97 0
-67 -112 0
-82 -97 0
-82 -112 0
-97 -112 0
-6 -21 0
-6 -36 0
-6 -51 0
-6 -66 0
-6 -81 0
-6 -96 0
-6 -111 0
-6 -126 0
-21 -36 0
-21 -51 0
-21 -66 0
-21 -81 0
-21 -96 0
-21 -111 0
-21 -126 0
-36 -51 0
-36 -66 0
-36 -81 0
-36 -96 0
-36 -111 0
-36 -126 0
-51 -66 0
-51 -81 0
-51 -96 0
-51 -111 0
-51 -126 0
-66 -81 0
-66 -96 0
-66 -111 0
-66 -126 0
-81 -96 0
-81 -111 0
-81 -126 0
-96 -111 0
-96 -126 0
-111 -126 0
-5 -20 0
-5 -35 0
-5 -50 0
-5 -65 0
-5 -80 0
-5 -95 0
-5 -110 0
-5 -125 0
-5 -140 0
-20 -35 0
-20 -50 0
-20 -65 0
-20 -80 0
-20 -95 0
-20 -110 0
-20 -125 0
-20 -140 0
-35 -50 0
-35 -65 0
-35 -80 0
-35 -95 0
-35 -110 0
-35 -125 0
-35 -140 0
-50 -65 0
-50 -80 0
-50 -95 0
-50 -110 0
-50 -125 0
-50 -140 0
-65 -80 0
-65 -95 0
-65 -110 0
-65 -125 0
-65 -140 0
-80 -95 0
-80 -110 0
-80 -125 0
-80 -140 0
-95 -110 0
-95 -125 0
-95 -140 0
-110 -125 0
-110 -140 0
-125 -140 0
-4 -19 0
-4 -34 0
-4 -49 0
-4 -64 0
-4 -79 0
-4 -94 0
-4 -109 0
-4 -124 0
-4 -139 0
-4 -154 0
-19 -34 0
-19 -49 0
-19 -64 0
-19 -79 0
-19 -94 0
-19 -109 0
-19 -124 0
-19 -139 0
-19 -154 0
-34 -49 0
-34 -64 0
-34 -79 0
-34 -94 0
-34 -109 0
-34 -124 0
-34 -139 0
-34 -154 0
-49 -64 0
-49 -79 0
-49 -94 0
-49 -109 0
-49 -124 0
-49 -139 0
-49 -154 0
-64 -79 0
-64 -94 0
-64 -109 0
-64 -124 0
-64 -139 0
-64 -154 0
-79 -94 0
-79 -109 0
-79 -124 0
-79 -139 0
-79 -154 0
-94 -109 0
-94 -124 0
-94 -139 0
-94 -154 0
-109 -124 0
-109 -139 0
-109 -154 0
-124 -139 0
-124 -154 0
-139 -154 0
-3 -18 0
-3 -33 0
-3 -48 0
-3 -63 0
-3 -78 0
-3 -93 0
-3 -108 0
-3 -123 0
-3 -138 0
-3 -153 0
-3 -168 0
-18 -33 0
-18 -48 0
-18 -63 0
-18 -78 0
-18 -93 0
-18 -108 0
-18 -123 0
-18 -138 0
-18 -153 0
-18 -168 0
-33 -48 0
-33 -63 0
-33 -78 0
-33 -93 0
-33 -108 0
-33 -123 0
-33 -138 0
-33 -153 0
-33 -168 0
-48 -63 0
-48 -78 0
-48 -93 0
-48 -108 0
-48 -123 0
-48 -138 0
-48 -153 0
-48 -168 0
-63 -78 0
-63 -93 0
-63 -108 0
-63 -123 0
-63 -138 0
-63 -153 0
-63 -168 0
-78 -93 0
-78 -108 0
-78 -123 0
-78 -138 0
-78 -153 0
-78 -168 0
-93 -108 0
-93 -123 0
-93 -138 0
-93 -153 0
-93 -168 0
-108 -123 0
-108 -138 0
-108 -153 0
-108 -168 0
-123 -138 0
-123 -153 0
-123 -168 0
-138 -153 0
-138 -168 0
-153 -168 0
-2 -17 0
-2 -32 0
-2 -47 0
-2 -62 0
-2 -77 0
-2 -92 0
-2 -107 0
-2 -122 0
-2 -137 0
-2 -152 0
-2 -167 0
-2 -182 0
-17 -32 0
-17 -47 0
-17 -62 0
-17 -77 0
-17 -92 0
-17 -107 0
-17 -122 0
-17 -137 0
-17 -152 0
-17 -167 0
-17 -182 0
-32 -47 0
-32 -62 0
-32 -77 0
-32 -92 0
-32 -107 0
-32 -122 0
-32 -137 0
-32 -152 0
-32 -167 0
-32 -182 0
-47 -62 0
-47 -77 0
-47 -92 0
-47 -107 0
-47 -122 0
-47 -137 0
-47 -152 0
-47 -167 0
-47 -182 0
-62 -77 0
-62 -92 0
-62 -107 0
-62 -122 0
-62 -137 0
-62 -152 0
-62 -167 0
-62 -182 0
-77 -92 0
-77 -107 0
-77 -122 0
-77 -137 0
-77 -152 0
-77 -167 0
-77 -182 0
-92 -107 0
-92 -122 0
-92 -137 0
-92 -152 0
-92 -167 0
-92 -182 0
-107 -122 0
-107 -137 0
-107 -152 0
-107 -167 0
-107 -182 0
-122 -137 0
-122 -152 0
-122 -167 0
-122 -182 0
-137 -152 0
-137 -167 0
-137 -182 0
-152 -167 0
-152 -182 0
-167 -182 0
-1 -16 0
-1 -31 0
-1 -46 0
-1 -61 0
-1 -76 0
-1 -91 0
-1 -106 0
-1 -121 0
-1 -136 0
-1 -151 0
-1 -166 0
-1 -181 0
-1 -196 0
-16 -31 0
-16 -46 0
-16 -61 0
-16 -76 0
-16 -91 0
-16 -106 0
-16 -121 0
-16 -136 0
-16 -151 0
-16 -166 0
-16 -181 0
-16 -196 0
-31 -46 0
-31 -61 0
-31 -76 0
-31 -91 0
-31 -106 0
-31 -121 0
-31 -136 0
-31 -151 0
-31 -166 0
-31 -181 0
-31 -196 0
-46 -61 0
-46 -76 0
-46 -91 0
-46 -106 0
-46 -121 0
-46 -136 0
-46 -151 0
-46 -166 0
-46 -181 0
-46 -196 0
-61 -76 0
-61 -91 0
-61 -106 0
-61 -121 0
-61 -136 0
-61 -151 0
-61 -166 0
-61 -181 0
-61 -196 0
-76 -91 0
-76 -106 0
-76 -121 0
-76 -136 0
-76 -151 0
-76 -166 0
-76 -181 0
-76 -196 0
-91 -106 0
-91 -121 0
-91 -136 0
-91 -151 0
-91 -166 0
-91 -181 0
-91 -196 0
-106 -121 0
-106 -136 0
-106 -151 0
-106 -166 0
-106 -181 0
-106 -196 0
-121 -136 0
-121 -151 0
-121 -166 0
-121 -181 0
-121 -196 0
-136 -151 0
-136 -166 0
-136 -181 0
-136 -196 0
-151 -166 0
-151 -181 0
-151 -196 0
-166 -181 0
-166 -196 0
-181 -196 0
-15 -30 0
-15 -45 0
-15 -60 0
-15 -75 0
-15 -90 0
-15 -105 0
-15 -120 0
-15 -135 0
-15 -150 0
-15 -165 0
-15 -180 0
-15 -195 0
-30 -45 0
-30 -60 0
-30 -75 0
-30 -90 0
-30 -105 0
-30 -120 0
-30 -135 0
-30 -150 0
-30 -165 0
-30 -180 0
-30 -195 0
-45 -60 0
-45 -75 0
-45 -90 0
-45 -105 0
-45 -120 0
-45 -135 0
-45 -150 0
-45 -165 0
-45 -180 0
-45 -195 0
-60 -75 0
-60 -90 0
-60 -105 0
-60 -120 0
-60 -135 0
-60 -150 0
-60 -165 0
-60 -180 0
-60 -195 0
-75 -90 0
-75 -105 0
-75 -120 0
-75 -135 0
-75 -150 0
-75 -165 0
-75 -180 0
-75 -195 0
-90 -105 0
-90 -120 0
-90 -135 0
-90 -150 0
-90 -165 0
-90 -180 0
-90 -195 0
-105 -120 0
-105 -135 0
-105 -150 0
-105 -165 0
-105 -180 0
-105 -195 0
-120 -135 0
-120 -150 0
-120 -165 0
-120 -180 0
-120 -195 0
-135 -150 0
-135 -165 0
-135 -180 0
-135 -195 0
-150 -165 0
-150 -180 0
-150 -195 0
-165 -180 0
-165 -195 0
-180 -195 0
-29 -44 0
-29 -59 0
-29 -74 0
-29 -89 0
-29 -104 0
-29 -119 0
-29 -134 0
-29 -149 0
-29 -164 0
-29 -179 0
-29 -194 0
-44 -59 0
-44 -74 0
-44 -89 0
-44 -104 0
-44 -119 0
-44 -134 0
-44 -149 0
-44 -164 0
-44 -179 0
-44 -194 0
-59 -74 0
-59 -89 0
-59 -104 0
-59 -119 0
-59 -134 0
-59 -149 0
-59 -164 0
-59 -179 0
-59 -194 0
-74 -89 0
-74 -104 0
-74 -119 0
-74 -134 0
-74 -149 0
-74 -164 0
-74 -179 0
-74 -194 0
-89 -104 0
-89 -119 0
-89 -134 0
-89 -149 0
-89 -164 0
-89 -179 0
-89 -194 0
-104 -119 0
-104 -134 0
-104 -149 0
-104 -164 0
-104 -179 0
-104 -194 0
-119 -134 0
-119 -149 0
-119 -164 0
-119 -179 0
-119 -194 0
-134 -149 0
-134 -164 0
-134 -179 0
-134 -194 0
-149 -164 0
-149 -179 0
-149 -194 0
-164 -179 0
-164 -194 0
-179 -194 0
-43 -58 0
-43 -73 0
-43 -88 0
-43 -103 0
-43 -118 0
-43 -133 0
-43 -148 0
-43 -163 0
-43 -178 0
-43 -193 0
-58 -73 0
-58 -88 0
-58 -103 0
-58 -118 0
-58 -133 0
-58 -148 0
-58 -163 0
-58 -178 0
-58 -193 0
-73 -88 0
-73 -103 0
-73 -118 0
-73 -133 0
-73 -148 0
-73 -163 0
-73 -178 0
-73 -193 0
-88 -103 0
-88 -118 0
-88 -133 0
-88 -148 0
-88 -163 0
-88 -178 0
-88 -193 0
-103 -118 0
-103 -133 0
-103 -148 0
-103 -163 0
-103 -178 0
-103 -193 0
-118 -133 0
-118 -148 0
-118 -163 0
-118 -178 0
-118 -193 0
-133 -148 0
-133 -163 0
-133 -178 0
-133 -193 0
-148 -163 0
-148 -178 0
-148 -193 0
-163 -178 0
-163 -193 0
-178 -193 0
-57 -72 0
-57 -87 0
-57 -102 0
-57 -117 0
-57 -132 0
-57 -147 0
-57 -162 0
-57 -177 0
-57 -192 0
-72 -87 0
-72 -102 0
-72 -117 0
-72 -132 0
-72 -147 0
-72 -162 0
-72 -177 0
-72 -192 0
-87 -102 0
-87 -117 0
-87 -132 0
-87 -147 0
-87 -162 0
-87 -177 0
-87 -192 0
-102 -117 0
-102 -132 0
-102 -147 0
-102 -162 0
-102 -177 0
-102 -192 0
-117 -132 0
-117 -147 0
-117 -162 0
-117 -177 0
-117 -192 0
-132 -147 0
-132 -162 0
-132 -177 0
-132 -192 0
-147 -162 0
-147 -177 0
-147 -192 0
-162 -177 0
-162 -192 0
-177 -192 0
-71 -86 0
-71 -101 0
-71 -116 0
-71 -131 0
-71 -146 0
-71 -161 0
-71 -176 0
-71 -191 0
-86 -101 0
-86 -116 0
-86 -131 0
-86 -146 0
-86 -161 0
-86 -176 0
-86 -191 0
-101 -116 0
-101 -131 0
-101 -146 0
-101 -161 0
-101 -176 0
-101 -191 0
-116 -131 0
-116 -146 0
-116 -161 0
-116 -176 0
-116 -191 0
-131 -146 0
-131 -161 0
-131 -176 0
-131 -191 0
-146 -161 0
-146 -176 0
-146 -191 0
-161 -176 0
-161 -191 0
-176 -191 0
-85 -100 0
-85 -115 0
-85 -130 0
-85 -145 0
-85 -160 0
-85 -175 0
-85 -190 0
-100 -115 0
-100 -130 0
-100 -145 0
-100 -160 0
-100 -175 0
-100 -190 0
-115 -130 0
-115 -145 0
-115 -160 0
-115 -175 0
-115 -190 0
-130 -145 0
-130 -160 0
-130 -175 0
-130 -190 0
-145 -160 0
-145 -175 0
-145 -190 0
-160 -175 0
-160 -190 0
-175 -190 0
-99 -114 0
-99 -129 0
-99 -144 0
-99 -159 0
-99 -174 0
-99 -189 0
-114 -129 0
-114 -144 0
-114 -159 0
-114 -174 0
-114 -189 0
-129 -144 0
-129 -159 0
-129 -174 0
-129 -189 0
-144 -159 0
-144 -174 0
-144 -189 0
-159 -174 0
-159 -189 0
-174 -189 0
-113 -128 0
-113 -143 0
-113 -158 0
-113 -173 0
-113 -188 0
-128 -143 0
-128 -158 0
-128 -173 0
-128 -188 0
-143 -158 0
-143 -173 0
-143 -188 0
-158 -173 0
-158 -188 0
-173 -188 0
-127 -142 0
-127 -157 0
-127 -172 0
-127 -187 0
-142 -157 0
-142 -172 0
-142 -187 0
-157 -172 0
-157 -187 0
-172 -187 0
-141 -156 0
-141 -171 0
-141 -186 0
-156 -171 0
-156 -186 0
-171 -186 0
-155 -170 0
-155 -185 0
-170 -185 0
-169 -184 0