c N=6 queens problem
p cnf 36 302
1 2 3 4 5 6 0
-1 -2 0
-1 -3 0
-1 -4 0
-1 -5 0
-1 -6 0
-2 -3 0
-2 -4 0
-2 -5 0
-2 -6 0
-3 -4 0
-3 -5 0
-3 -6 0
-4 -5 0
-4 -6 0
-5 -6 0
7 8 9 10 11 12 0
-7 -8 0
-7 -9 0
-7 -10 0
-7 -11 0
-7 -12 0
-8 -9 0
-8 -10 0
-8 -11 0
-8 -12 0
-9 -10 0
-9 -11 0
-9 -12 0
-10 -11 0
-10 -12 0
-11 -12 0
13 14 15 16 17 18 0
-13 -14 0
-13 -15 0
-13 -16 0
-13 -17 0
-13 -18 0
-14 -15 0
-14 -16 0
-14 -17 0
-14 -18 0
-15 -16 0
-15 -17 0
-15 -18 0
-16 -17 0
-16 -18 0
-17 -18 0
19 20 21 22 23 24 0
-19 -20 0
-19 -21 0
-19 -22 0
-19 -23 0
-19 -24 0
-20 -21 0
-20 -22 0
-20 -23 0
-20 -24 0
-21 -22 0
-21 -23 0
-21 -24 0
-22 -23 0
-22 -24 0
-23 -24 0
25 26 27 28 29 30 0
-25 -26 0
-25 -27 0
-25 -28 0
-25 -29 0
-25 -30 0
-26 -27 0
-26 -28 0
-26 -29 0
-26 -30 0
-27 -28 0
-27 -29 0
-27 -30 0
-28 -29 0
-28 -30 0
-29 -30 0
31 32 33 34 35 36 0
-31 -32 0
-31 -33 0
-31 -34 0
-31 -35 0
-31 -36 0
-32 -33 0
-32 -34 0
-32 -35 0
-32 -36 0
-33 -34 0
-33 -35 0
-33 -36 0
-34 -35 0
-34 -36 0
-35 -36 0
1 7 13 19 25 31 0
-1 -7 0
-1 -13 0
-1 -19 0
-1 -25 0
-1 -31 0
-7 -13 0
-7 -19 0
-7 -25 0
-7 -31 0
-13 -19 0
-13 -25 0
-13 -31 0
-19 -25 0
-19 -31 0
-25 -31 0
2 8 14 20 26 32 0
-2 -8 0
-2 -14 0
-2 -20 0
-2 -26 0
-2 -32 0
-8 -14 0
-8 -20 0
-8 -26 0
-8 -32 0
-14 -20 0
-14 -26 0
-14 -32 0
-20 -26 0
-20 -32 0
-26 -32 0
3 9 15 21 27 33 0
-3 -9 0
-3 -15 0
-3 -21 0
-3 -27 0
-3 -33 0
-9 -15 0
-9 -21 0
-9 -27 0
-9 -33 0
-15 -21 0
-15 -27 0
-15 -33 0
-21 -27 0
-21 -33 0
-27 -33 0
4 10 16 22 28 34 0
-4 -10 0
-4 -16 0
-4 -22 0
-4 -28 0
-4 -34 0
-10 -16 0
-10 -22 0
-10 -28 0
-10 -34 0
-16 -22 0
-16 -28 0
-16 -34 0
-22 -28 0
-22 -34 0
-28 -34 0
5 11 17 23 29 35 0
-5 -11 0
-5 -17 0
-5 -23 0
-5 -29 0
-5 -35 0
-11 -17 0
-11 -23 0
-11 -29 0
-11 -35 0
-17 -23 0
-17 -29 0
-17 -35 0
-23 -29 0
-23 -35 0
-29 -35 0
6 12 18 24 30 36 0
-6 -12 0
-6 -18 0
-6 -24 0
-6 -30 0
-6 -36 0
-12 -18 0
-12 -24 0
-12 -30 0
-12 -36 0
-18 -24 0
-18 -30 0
-18 -36 0
-24 -30 0
-24 -36 0
-30 -36 0
-7 -2 0
-13 -8 0
-13 -3 0
-8 -3 0
-19 -14 0
-19 -9 0
-19 -4 0
-14 -9 0
-14 -4 0
-9 -4 0
-25 -20 0
-25 -15 0
-25 -10 0
-25 -5 0
-20 -15 0
-20 -10 0
-20 -5 0
-15 -10 0
-15 -5 0
-10 -5 0
-31 -26 0
-31 -21 0
-31 -16 0
-31 -11 0
-31 -6 0
-26 -21 0
-26 -16 0
-26 -11 0
-26 -6 0
-21 -16 0
-21 -11 0
-21 -6 0
-16 -11 0
-16 -6 0
-11 -6 0
-32 -27 0
-32 -22 0
-32 -17 0
-32 -12 0
-27 -22 0
-27 -17 0
-27 -12 0
-22 -17 0
-22 -12 0
-17 -12 0
-33 -28 0
-33 -23 0
-33 -18 0
-28 -23 0
-28 -18 0
-23 -18 0
-34 -29 0
-34 -24 0
-29 -24 0
-35 -30 0
-5 -12 0
-4 -11 0
-4 -18 0
-11 -18 0
-3 -10 0
-3 -17 0
-3 -24 0
-10 -17 0
-10 -24 0
-17 -24 0
-2 -9 0
-2 -16 0
-2 -23 0
-2 -30 0
-9 -16 0
-9 -23 0
-9 -30 0
-16 -23 0
-16 -30 0
-23 -30 0
-1 -8 0
-1 -15 0
-1 -22 0
-1 -29 0
-1 -36 0
-8 -15 0
-8 -22 0
-8 -29 0
-8 -36 0
-15 -22 0
-15 -29 0
-15 -36 0
-22 -29 0
-22 -36 0
-29 -36 0
-7 -14 0
-7 -21 0
-7 -28 0
-7 -35 0
-14 -21 0
-14 -28 0
-14 -35 0
-21 -28 0
-21 -35 0
-28 -35 0
-13 -20 0
-13 -27 0
-13 -34 0
-20 -27 0
-20 -34 0
-27 -34 0
-19 -26 0
-19 -33 0
-26 -33 0
-25 -32 0